Hybrid_AUC: 0.7779850746268656
Hybrid_MAE: 14.6719016964001
Hybrid_R2: 0.49267339754867745
Hybrid_RMSE: 19.510343280284932
